INPUTPLAY 3
START_CURSOR 3470 1275 1
VIRTUAL_DESKTOP -2560 0 7680 2160
MONITORS 4
MONITOR "\\\\.\\DISPLAY1" -2560 0 0 1440 -2560 0 0 1400 0
MONITOR "\\\\.\\DISPLAY4" 0 0 2560 1440 0 0 2560 1400 1
MONITOR "\\\\.\\DISPLAY2" 245 1440 1525 2160 245 1440 1525 2120 0
MONITOR "\\\\.\\DISPLAY3" 2560 0 5120 1440 2560 0 5120 1400 0
EVENTS 1134
35815 0 3470 1275 0 1 0 0 0 0
37807 0 3470 1275 1 0 0 0 0 0
39820 0 3470 1275 0 1 0 0 0 0
41839 0 3470 1275 0 1 0 0 0 0
41845 0 3470 1275 1 0 0 0 0 0
43832 0 3470 1275 1 0 0 0 0 0
43838 0 3470 1275 0 1 0 0 0 0
46200 0 3471 1276 1 0 0 0 0 0
46206 0 3471 1276 2 0 0 0 0 0
46250 0 3471 1276 0 2 0 0 0 0
47837 0 3471 1276 1 0 0 0 0 0
49847 0 3471 1276 1 0 0 0 0 0
49853 0 3471 1276 1 1 0 0 0 0
51840 0 3472 1277 2 2 0 0 0 0
51845 0 3472 1277 1 1 0 0 0 0
53450 0 3473 1277 1 2 0 0 0 0
53547 0 3473 1277 1 1 0 0 0 0
55203 0 3473 1278 2 1 0 0 0 0
55322 0 3474 1278 2 1 0 0 0 0
57193 0 3474 1279 2 2 0 0 0 0
57232 0 3474 1279 1 2 0 0 0 0
59200 0 3475 1280 2 2 0 0 0 0
59254 0 3475 1280 2 2 0 0 0 0
61121 0 3476 1280 2 1 0 0 0 0
63143 0 3477 1282 3 3 0 0 0 0
63214 0 3478 1282 1 3 0 0 0 0
63255 0 3478 1282 3 2 0 0 0 0
65122 0 3478 1283 2 2 0 0 0 0
66933 0 3479 1284 2 2 0 0 0 0
66939 0 3479 1284 2 2 0 0 0 0
69132 0 3480 1285 3 3 0 0 0 0
69199 0 3481 1285 2 2 0 0 0 0
69241 0 3481 1285 2 2 0 0 0 0
71298 0 3482 1287 2 4 0 0 0 0
71303 0 3482 1287 3 2 0 0 0 0
72830 0 3483 1287 3 2 0 0 0 0
75122 0 3484 1289 3 2 0 0 0 0
75145 0 3484 1289 2 3 0 0 0 0
75214 0 3485 1290 3 4 0 0 0 0
77173 0 3486 1291 2 2 0 0 0 0
77255 0 3486 1291 3 3 0 0 0 0
79183 0 3488 1292 3 2 0 0 0 0
79201 0 3488 1292 3 3 0 0 0 0
81584 0 3489 1293 3 2 0 0 0 0
81591 0 3489 1293 3 3 0 0 0 0
83591 0 3491 1295 3 4 0 0 0 0
83597 0 3491 1295 3 2 0 0 0 0
85600 0 3492 1296 3 3 0 0 0 0
85606 0 3492 1296 4 3 0 0 0 0
87181 0 3494 1298 2 4 0 0 0 0
87190 0 3494 1298 3 2 0 0 0 0
88688 0 3495 1299 5 3 0 0 0 0
90683 0 3496 1300 3 3 0 0 0 0
90702 0 3496 1300 3 3 0 0 0 0
92688 0 3498 1301 4 2 0 0 0 0
92693 0 3498 1301 4 3 0 0 0 0
94829 0 3500 1303 3 3 0 0 0 0
94852 0 3500 1303 4 3 0 0 0 0
97145 0 3502 1304 3 2 0 0 0 0
97235 0 3503 1305 4 3 0 0 0 0
97281 0 3503 1305 3 2 0 0 0 0
99157 0 3504 1305 5 3 0 0 0 0
99208 0 3505 1306 4 1 0 0 0 0
101206 0 3507 1307 3 4 0 0 0 0
101360 0 3507 1307 6 3 0 0 0 0
103190 0 3509 1308 3 1 0 0 0 0
103213 0 3509 1308 6 3 0 0 0 0
105189 0 3512 1310 4 3 0 0 0 0
105217 0 3512 1310 5 3 0 0 0 0
107227 0 3514 1311 5 2 0 0 0 0
107281 0 3514 1311 5 3 0 0 0 0
109204 0 3517 1312 5 3 0 0 0 0
109209 0 3517 1312 7 2 0 0 0 0
111106 0 3519 1313 6 3 0 0 0 0
113129 0 3522 1315 6 4 0 0 0 0
113187 0 3524 1315 8 3 0 0 0 0
113231 0 3524 1315 7 1 0 0 0 0
115119 0 3525 1316 6 3 0 0 0 0
117125 0 3529 1317 8 3 0 0 0 0
117151 0 3529 1317 8 3 0 0 0 0
117254 0 3531 1318 8 2 0 0 0 0
119141 0 3533 1319 8 4 0 0 0 0
119209 0 3535 1320 8 3 0 0 0 0
121177 0 3540 1321 8 3 0 0 0 0
121204 0 3540 1321 10 2 0 0 0 0
122680 0 3542 1322 8 3 0 0 0 0
124123 0 3544 1322 10 3 0 0 0 0
126184 0 3552 1324 11 3 0 0 0 0
126190 0 3552 1324 10 3 0 0 0 0
126195 0 3552 1324 9 2 0 0 0 0
129202 0 3559 1326 10 3 0 0 0 0
129243 0 3559 1326 10 2 0 0 0 0
129267 0 3559 1326 10 2 0 0 0 0
131173 0 3565 1327 11 2 0 0 0 0
131191 0 3565 1327 11 2 0 0 0 0
133197 0 3571 1328 12 2 0 0 0 0
133207 0 3571 1328 11 3 0 0 0 0
135191 0 3576 1329 12 2 0 0 0 0
135197 0 3576 1329 11 2 0 0 0 0
137176 0 3582 1330 12 2 0 0 0 0
137181 0 3582 1330 12 2 0 0 0 0
140176 0 3591 1331 12 1 0 0 0 0
140182 0 3591 1331 12 2 0 0 0 0
140186 0 3591 1331 11 1 0 0 0 0
142229 0 3598 1332 13 2 0 0 0 0
142254 0 3598 1332 13 1 0 0 0 0
144207 0 3604 1333 11 1 0 0 0 0
144212 0 3604 1333 13 1 0 0 0 0
145855 0 3607 1333 13 2 0 0 0 0
147890 0 3613 1334 12 1 0 0 0 0
147905 0 3613 1334 14 1 0 0 0 0
149443 0 3620 1334 13 1 0 0 0 0
149486 0 3620 1334 13 0 0 0 0 0
150876 0 3623 1334 14 0 0 0 0 0
152881 0 3630 1334 14 0 0 0 0 0
152886 0 3630 1334 12 0 0 0 0 0
154889 0 3637 1334 15 0 0 0 0 0
154895 0 3637 1334 13 0 0 0 0 0
156125 0 3640 1334 14 0 0 0 0 0
158192 0 3651 1334 14 0 0 0 0 0
158201 0 3651 1334 14 0 0 0 0 0
158206 0 3651 1334 15 0 0 0 0 0
160189 0 3658 1334 14 -1 0 0 0 0
160200 0 3658 1334 14 0 0 0 0 0
162071 0 3662 1334 14 -1 0 0 0 0
164049 0 3669 1333 15 -1 0 0 0 0
164055 0 3669 1333 14 -2 0 0 0 0
166237 0 3679 1332 13 -1 0 0 0 0
166242 0 3679 1332 16 -1 0 0 0 0
166288 0 3679 1332 13 -2 0 0 0 0
168235 0 3687 1332 15 -2 0 0 0 0
168262 0 3687 1332 14 -1 0 0 0 0
170207 0 3694 1330 15 -3 0 0 0 0
170287 0 3694 1330 14 -2 0 0 0 0
172239 0 3701 1330 15 -1 0 0 0 0
172265 0 3701 1330 13 -2 0 0 0 0
174244 0 3708 1328 15 -3 0 0 0 0
174255 0 3708 1328 14 -3 0 0 0 0
176259 0 3715 1327 14 -3 0 0 0 0
176264 0 3715 1327 15 -3 0 0 0 0
178266 0 3722 1325 14 -4 0 0 0 0
178292 0 3722 1325 14 -3 0 0 0 0
180263 0 3730 1323 14 -3 0 0 0 0
180271 0 3730 1323 15 -3 0 0 0 0
182266 0 3736 1321 12 -5 0 0 0 0
182283 0 3736 1321 15 -3 0 0 0 0
184042 0 3740 1320 14 -4 0 0 0 0
186069 0 3747 1319 13 -4 0 0 0 0
186075 0 3747 1319 14 -3 0 0 0 0
187624 0 3753 1316 13 -5 0 0 0 0
187630 0 3753 1316 14 -5 0 0 0 0
189625 0 3760 1314 13 -4 0 0 0 0
189631 0 3760 1314 14 -6 0 0 0 0
191131 0 3763 1312 12 -5 0 0 0 0
191188 0 3766 1311 12 -5 0 0 0 0
192957 0 3770 1310 14 -6 0 0 0 0
194960 0 3776 1307 12 -5 0 0 0 0
194966 0 3776 1307 13 -7 0 0 0 0
197145 0 3782 1304 13 -7 0 0 0 0
197216 0 3785 1302 12 -5 0 0 0 0
197254 0 3785 1302 13 -7 0 0 0 0
199180 0 3792 1299 13 -5 0 0 0 0
199235 0 3792 1299 12 -7 0 0 0 0
201120 0 3796 1297 16 -9 0 0 0 0
203136 0 3801 1293 11 -6 0 0 0 0
203255 0 3804 1291 12 -7 0 0 0 0
203371 0 3804 1291 10 -9 0 0 0 0
205151 0 3807 1290 12 -6 0 0 0 0
205202 0 3810 1288 11 -7 0 0 0 0
207123 0 3812 1286 11 -8 0 0 0 0
210141 0 3820 1280 11 -7 0 0 0 0
210212 0 3823 1278 10 -8 0 0 0 0
210251 0 3823 1278 11 -8 0 0 0 0
210267 0 3823 1278 9 -8 0 0 0 0
211835 0 3825 1276 10 -9 0 0 0 0
213825 0 3830 1271 10 -8 0 0 0 0
213831 0 3830 1271 9 -10 0 0 0 0
215815 0 3835 1267 10 -8 0 0 0 0
215891 0 3835 1267 9 -10 0 0 0 0
217837 0 3839 1262 9 -9 0 0 0 0
217842 0 3839 1262 9 -9 0 0 0 0
220319 0 3846 1255 9 -10 0 0 0 0
220393 0 3846 1255 8 -9 0 0 0 0
220451 0 3846 1255 9 -10 0 0 0 0
222318 0 3849 1250 7 -9 0 0 0 0
222335 0 3849 1250 8 -10 0 0 0 0
224328 0 3853 1245 7 -10 0 0 0 0
224352 0 3853 1245 8 -10 0 0 0 0
226125 0 3855 1243 7 -9 0 0 0 0
228202 0 3860 1235 6 -12 0 0 0 0
228255 0 3860 1235 7 -11 0 0 0 0
228281 0 3860 1235 6 -10 0 0 0 0
230189 0 3863 1230 6 -10 0 0 0 0
230199 0 3863 1230 6 -10 0 0 0 0
232200 0 3865 1225 6 -12 0 0 0 0
232241 0 3865 1225 5 -9 0 0 0 0
234190 0 3868 1220 5 -10 0 0 0 0
234195 0 3868 1220 5 -10 0 0 0 0
236187 0 3870 1215 5 -10 0 0 0 0
236192 0 3870 1215 4 -10 0 0 0 0
238232 0 3872 1210 4 -11 0 0 0 0
238259 0 3872 1210 3 -9 0 0 0 0
240245 0 3874 1204 5 -10 0 0 0 0
240263 0 3874 1204 3 -11 0 0 0 0
241808 0 3874 1202 2 -11 0 0 0 0
243834 0 3876 1196 4 -10 0 0 0 0
243842 0 3876 1196 2 -11 0 0 0 0
245825 0 3877 1191 3 -10 0 0 0 0
245830 0 3877 1191 2 -12 0 0 0 0
248158 0 3878 1186 3 -10 0 0 0 0
248223 0 3879 1183 1 -10 0 0 0 0
248265 0 3879 1183 2 -10 0 0 0 0
250200 0 3879 1178 1 -11 0 0 0 0
250239 0 3879 1178 1 -10 0 0 0 0
251985 0 3879 1176 1 -10 0 0 0 0
253992 0 3880 1171 0 -10 0 0 0 0
254036 0 3880 1171 1 -10 0 0 0 0
255985 0 3880 1166 1 -11 0 0 0 0
255991 0 3880 1166 0 -9 0 0 0 0
257995 0 3880 1161 0 -11 0 0 0 0
258000 0 3880 1161 0 -9 0 0 0 0
260004 0 3880 1156 -1 -10 0 0 0 0
260010 0 3880 1156 0 -10 0 0 0 0
262020 0 3880 1151 -2 -11 0 0 0 0
262034 0 3880 1151 -1 -9 0 0 0 0
264016 0 3879 1146 -1 -10 0 0 0 0
264023 0 3879 1146 -1 -10 0 0 0 0
266181 0 3878 1138 -2 -11 0 0 0 0
266190 0 3878 1138 -2 -9 0 0 0 0
266210 0 3878 1138 -2 -11 0 0 0 0
268186 0 3876 1133 -3 -10 0 0 0 0
268195 0 3876 1133 -2 -9 0 0 0 0
270217 0 3875 1128 -3 -9 0 0 0 0
270303 0 3875 1128 -3 -10 0 0 0 0
272185 0 3873 1124 -2 -10 0 0 0 0
272190 0 3873 1124 -4 -9 0 0 0 0
274189 0 3872 1119 -4 -11 0 0 0 0
274195 0 3872 1119 -3 -9 0 0 0 0
276225 0 3870 1114 -3 -10 0 0 0 0
276244 0 3870 1114 -4 -10 0 0 0 0
278229 0 3868 1109 -5 -9 0 0 0 0
278278 0 3868 1109 -4 -10 0 0 0 0
280197 0 3865 1104 -5 -9 0 0 0 0
280202 0 3865 1104 -4 -10 0 0 0 0
282191 0 3863 1099 -7 -10 0 0 0 0
282197 0 3863 1099 -4 -9 0 0 0 0
284502 0 3860 1094 -5 -11 0 0 0 0
284508 0 3860 1094 -6 -9 0 0 0 0
286536 0 3857 1089 -7 -10 0 0 0 0
286543 0 3857 1089 -6 -10 0 0 0 0
288071 0 3855 1087 -6 -9 0 0 0 0
290098 0 3852 1082 -7 -10 0 0 0 0
290108 0 3852 1082 -6 -10 0 0 0 0
292094 0 3848 1077 -8 -9 0 0 0 0
292100 0 3848 1077 -8 -10 0 0 0 0
294105 0 3844 1073 -6 -9 0 0 0 0
294112 0 3844 1073 -9 -10 0 0 0 0
295609 0 3840 1068 -7 -10 0 0 0 0
295621 0 3840 1068 -9 -9 0 0 0 0
297602 0 3836 1063 -9 -9 0 0 0 0
297615 0 3836 1063 -8 -10 0 0 0 0
299608 0 3832 1058 -9 -11 0 0 0 0
299614 0 3832 1058 -8 -9 0 0 0 0
301615 0 3827 1053 -10 -9 0 0 0 0
301621 0 3827 1053 -9 -10 0 0 0 0
303621 0 3822 1049 -9 -10 0 0 0 0
303629 0 3822 1049 -9 -9 0 0 0 0
305175 0 3817 1044 -9 -10 0 0 0 0
305203 0 3817 1044 -11 -9 0 0 0 0
307174 0 3812 1039 -10 -9 0 0 0 0
307250 0 3812 1039 -11 -9 0 0 0 0
309199 0 3807 1034 -11 -10 0 0 0 0
309218 0 3807 1034 -11 -10 0 0 0 0
311124 0 3804 1032 -12 -9 0 0 0 0
313157 0 3798 1028 -11 -9 0 0 0 0
313238 0 3795 1025 -11 -9 0 0 0 0
313249 0 3795 1025 -12 -9 0 0 0 0
315133 0 3792 1023 -13 -9 0 0 0 0
317197 0 3782 1016 -12 -10 0 0 0 0
317254 0 3782 1016 -13 -9 0 0 0 0
317281 0 3782 1016 -14 -9 0 0 0 0
320186 0 3772 1009 -13 -9 0 0 0 0
320324 0 3772 1009 -13 -9 0 0 0 0
320416 0 3772 1009 -13 -9 0 0 0 0
322294 0 3765 1005 -14 -8 0 0 0 0
322320 0 3765 1005 -14 -8 0 0 0 0
323828 0 3762 1003 -15 -9 0 0 0 0
326195 0 3751 997 -15 -8 0 0 0 0
326205 0 3751 997 -14 -9 0 0 0 0
326210 0 3751 997 -15 -9 0 0 0 0
328240 0 3743 993 -15 -7 0 0 0 0
328266 0 3743 993 -15 -9 0 0 0 0
330206 0 3735 989 -16 -7 0 0 0 0
330216 0 3735 989 -16 -7 0 0 0 0
331823 0 3731 987 -16 -8 0 0 0 0
333824 0 3723 983 -16 -9 0 0 0 0
333830 0 3723 983 -16 -7 0 0 0 0
335883 0 3715 980 -17 -7 0 0 0 0
335949 0 3715 980 -15 -7 0 0 0 0
337647 0 3706 976 -18 -8 0 0 0 0
337653 0 3706 976 -17 -8 0 0 0 0
339661 0 3698 972 -18 -6 0 0 0 0
339667 0 3698 972 -17 -7 0 0 0 0
341659 0 3689 969 -17 -6 0 0 0 0
341665 0 3689 969 -19 -7 0 0 0 0
343650 0 3680 966 -17 -7 0 0 0 0
343655 0 3680 966 -18 -7 0 0 0 0
345668 0 3671 962 -19 -6 0 0 0 0
345672 0 3671 962 -18 -7 0 0 0 0
347679 0 3661 959 -19 -6 0 0 0 0
347685 0 3661 959 -18 -6 0 0 0 0
349682 0 3651 957 -20 -6 0 0 0 0
349688 0 3651 957 -21 -5 0 0 0 0
351680 0 3642 954 -17 -7 0 0 0 0
351686 0 3642 954 -21 -4 0 0 0 0
353701 0 3632 951 -18 -7 0 0 0 0
353707 0 3632 951 -20 -4 0 0 0 0
355703 0 3623 949 -19 -5 0 0 0 0
355709 0 3623 949 -19 -5 0 0 0 0
357710 0 3613 946 -21 -5 0 0 0 0
357716 0 3613 946 -19 -5 0 0 0 0
359708 0 3602 944 -20 -4 0 0 0 0
359714 0 3602 944 -21 -5 0 0 0 0
361734 0 3593 942 -18 -5 0 0 0 0
361740 0 3593 942 -21 -4 0 0 0 0
363740 0 3583 940 -19 -4 0 0 0 0
363755 0 3583 940 -21 -3 0 0 0 0
365742 0 3573 938 -19 -4 0 0 0 0
365748 0 3573 938 -19 -4 0 0 0 0
367730 0 3563 937 -19 -2 0 0 0 0
367737 0 3563 937 -21 -2 0 0 0 0
369777 0 3553 935 -20 -4 0 0 0 0
369783 0 3553 935 -19 -3 0 0 0 0
371764 0 3543 934 -21 -2 0 0 0 0
371770 0 3543 934 -21 -2 0 0 0 0
373781 0 3533 933 -20 -2 0 0 0 0
373787 0 3533 933 -19 -3 0 0 0 0
375778 0 3523 932 -21 0 0 0 0 0
375785 0 3523 932 -19 -2 0 0 0 0
377797 0 3513 932 -21 -3 0 0 0 0
377802 0 3513 932 -20 0 0 0 0 0
379831 0 3503 931 -20 -1 0 0 0 0
379894 0 3503 931 -21 -2 0 0 0 0
381822 0 3493 931 -19 0 0 0 0 0
381833 0 3493 931 -20 0 0 0 0 0
383791 0 3483 931 -20 -1 0 0 0 0
383798 0 3483 931 -19 0 0 0 0 0
385799 0 3473 931 -20 0 0 0 0 0
385804 0 3473 931 -20 0 0 0 0 0
387816 0 3464 931 -19 0 0 0 0 0
387823 0 3464 931 -19 0 0 0 0 0
390816 0 3449 931 -19 0 0 0 0 0
390822 0 3449 931 -19 0 0 0 0 0
390827 0 3449 931 -19 1 0 0 0 0
392808 0 3440 931 -19 2 0 0 0 0
392814 0 3440 931 -19 2 0 0 0 0
394814 0 3431 932 -18 1 0 0 0 0
394819 0 3431 932 -19 2 0 0 0 0
396832 0 3421 933 -18 1 0 0 0 0
396839 0 3421 933 -19 4 0 0 0 0
398831 0 3412 934 -18 2 0 0 0 0
398837 0 3412 934 -19 1 0 0 0 0
400838 0 3403 935 -18 3 0 0 0 0
400844 0 3403 935 -18 3 0 0 0 0
402843 0 3394 937 -19 3 0 0 0 0
402848 0 3394 937 -18 3 0 0 0 0
404852 0 3385 939 -18 5 0 0 0 0
404858 0 3385 939 -18 3 0 0 0 0
406854 0 3376 941 -18 5 0 0 0 0
406859 0 3376 941 -17 3 0 0 0 0
408867 0 3367 943 -18 5 0 0 0 0
408872 0 3367 943 -17 3 0 0 0 0
410873 0 3359 946 -18 6 0 0 0 0
410879 0 3359 946 -17 5 0 0 0 0
412879 0 3350 948 -18 4 0 0 0 0
412904 0 3350 948 -17 6 0 0 0 0
414882 0 3341 951 -18 5 0 0 0 0
414888 0 3341 951 -16 6 0 0 0 0
416893 0 3333 954 -17 5 0 0 0 0
416899 0 3333 954 -16 6 0 0 0 0
418630 0 3324 956 -18 6 0 0 0 0
418639 0 3324 956 -17 5 0 0 0 0
420670 0 3316 960 -16 7 0 0 0 0
420680 0 3316 960 -17 6 0 0 0 0
422671 0 3308 963 -17 6 0 0 0 0
422677 0 3308 963 -16 6 0 0 0 0
424651 0 3300 966 -17 7 0 0 0 0
424657 0 3300 966 -16 6 0 0 0 0
426641 0 3291 969 -17 8 0 0 0 0
426646 0 3291 969 -17 6 0 0 0 0
428700 0 3283 973 -17 8 0 0 0 0
428829 0 3283 973 -16 7 0 0 0 0
431649 0 3271 979 -17 8 0 0 0 0
431654 0 3271 979 -16 6 0 0 0 0
431659 0 3271 979 -16 9 0 0 0 0
433691 0 3262 983 -16 8 0 0 0 0
433697 0 3262 983 -17 8 0 0 0 0
435189 0 3254 987 -17 8 0 0 0 0
435196 0 3254 987 -17 8 0 0 0 0
437258 0 3246 991 -15 8 0 0 0 0
437307 0 3246 991 -18 8 0 0 0 0
439193 0 3238 995 -15 8 0 0 0 0
439233 0 3238 995 -17 9 0 0 0 0
441181 0 3229 999 -17 8 0 0 0 0
441187 0 3229 999 -17 8 0 0 0 0
443187 0 3221 1004 -16 10 0 0 0 0
443192 0 3221 1004 -16 8 0 0 0 0
445519 0 3212 1008 -17 8 0 0 0 0
445526 0 3212 1008 -18 9 0 0 0 0
447533 0 3204 1012 -16 9 0 0 0 0
447539 0 3204 1012 -17 9 0 0 0 0
449527 0 3196 1017 -16 9 0 0 0 0
449534 0 3196 1017 -16 8 0 0 0 0
451537 0 3188 1021 -17 8 0 0 0 0
451543 0 3188 1021 -16 10 0 0 0 0
453079 0 3184 1023 -16 8 0 0 0 0
455086 0 3176 1027 -16 9 0 0 0 0
455093 0 3176 1027 -17 8 0 0 0 0
457099 0 3167 1031 -17 8 0 0 0 0
457105 0 3167 1031 -17 8 0 0 0 0
459102 0 3159 1036 -16 9 0 0 0 0
459108 0 3159 1036 -16 9 0 0 0 0
461106 0 3151 1040 -15 9 0 0 0 0
461112 0 3151 1040 -17 8 0 0 0 0
463111 0 3143 1044 -16 9 0 0 0 0
463117 0 3143 1044 -16 8 0 0 0 0
465150 0 3135 1049 -15 9 0 0 0 0
465218 0 3132 1051 -16 9 0 0 0 0
465228 0 3132 1051 -15 9 0 0 0 0
467123 0 3128 1053 -16 8 0 0 0 0
469216 0 3120 1057 -15 7 0 0 0 0
469326 0 3116 1059 -16 7 0 0 0 0
469527 0 3116 1059 -14 9 0 0 0 0
471191 0 3109 1063 -16 9 0 0 0 0
471211 0 3109 1063 -14 8 0 0 0 0
473202 0 3101 1067 -15 7 0 0 0 0
473207 0 3101 1067 -15 8 0 0 0 0
475205 0 3094 1070 -14 7 0 0 0 0
475236 0 3094 1070 -16 7 0 0 0 0
478191 0 3082 1077 -15 8 0 0 0 0
478199 0 3082 1077 -19 10 0 0 0 0
478204 0 3082 1077 -12 7 0 0 0 0
480219 0 3075 1080 -15 8 0 0 0 0
480242 0 3075 1080 -16 6 0 0 0 0
482477 0 3068 1084 -14 7 0 0 0 0
482552 0 3068 1084 -14 8 0 0 0 0
484460 0 3061 1087 -14 6 0 0 0 0
484479 0 3061 1087 -13 7 0 0 0 0
486512 0 3054 1091 -15 7 0 0 0 0
486582 0 3054 1091 -13 7 0 0 0 0
488459 0 3047 1094 -15 7 0 0 0 0
488469 0 3047 1094 -12 6 0 0 0 0
490457 0 3040 1097 -15 7 0 0 0 0
490475 0 3040 1097 -14 6 0 0 0 0
492465 0 3033 1100 -13 5 0 0 0 0
492494 0 3033 1100 -14 8 0 0 0 0
493666 0 3030 1102 -13 5 0 0 0 0
495674 0 3023 1104 -15 6 0 0 0 0
495679 0 3023 1104 -12 5 0 0 0 0
497689 0 3016 1107 -15 5 0 0 0 0
497696 0 3016 1107 -13 6 0 0 0 0
499732 0 3009 1110 -13 5 0 0 0 0
499789 0 3009 1110 -14 6 0 0 0 0
501228 0 3003 1112 -13 4 0 0 0 0
501244 0 3003 1112 -14 4 0 0 0 0
503273 0 2996 1114 -13 6 0 0 0 0
503304 0 2996 1114 -13 3 0 0 0 0
505235 0 2990 1116 -14 5 0 0 0 0
505252 0 2990 1116 -12 4 0 0 0 0
507023 0 2986 1117 -15 4 0 0 0 0
509032 0 2980 1119 -13 5 0 0 0 0
509038 0 2980 1119 -12 3 0 0 0 0
511038 0 2973 1121 -14 3 0 0 0 0
511045 0 2973 1121 -13 5 0 0 0 0
513042 0 2966 1123 -13 2 0 0 0 0
513049 0 2966 1123 -14 4 0 0 0 0
515052 0 2960 1124 -11 3 0 0 0 0
515059 0 2960 1124 -14 2 0 0 0 0
517076 0 2954 1126 -13 3 0 0 0 0
517083 0 2954 1126 -11 3 0 0 0 0
519064 0 2948 1127 -13 2 0 0 0 0
519070 0 2948 1127 -12 2 0 0 0 0
521070 0 2941 1128 -12 3 0 0 0 0
521076 0 2941 1128 -14 1 0 0 0 0
523075 0 2935 1129 -12 2 0 0 0 0
523081 0 2935 1129 -12 2 0 0 0 0
525083 0 2929 1129 -12 1 0 0 0 0
525088 0 2929 1129 -13 1 0 0 0 0
526586 0 2923 1130 -13 1 0 0 0 0
526591 0 2923 1130 -12 1 0 0 0 0
528633 0 2917 1130 -12 0 0 0 0 0
528638 0 2917 1130 -12 0 0 0 0 0
530632 0 2911 1130 -12 1 0 0 0 0
530646 0 2911 1130 -12 0 0 0 0 0
532636 0 2905 1130 -12 1 0 0 0 0
532694 0 2905 1130 -12 0 0 0 0 0
534649 0 2899 1130 -11 0 0 0 0 0
534654 0 2899 1130 -12 0 0 0 0 0
536674 0 2893 1130 -12 -1 0 0 0 0
536681 0 2893 1130 -10 0 0 0 0 0
538641 0 2888 1130 -12 -1 0 0 0 0
538647 0 2888 1130 -11 -1 0 0 0 0
540656 0 2882 1129 -11 -1 0 0 0 0
540661 0 2882 1129 -10 -2 0 0 0 0
542703 0 2877 1129 -11 -1 0 0 0 0
542742 0 2877 1129 -11 -2 0 0 0 0
544651 0 2871 1128 -11 -1 0 0 0 0
544657 0 2871 1128 -11 -2 0 0 0 0
546660 0 2866 1127 -10 -2 0 0 0 0
546667 0 2866 1127 -10 -2 0 0 0 0
548665 0 2861 1125 -10 -3 0 0 0 0
548671 0 2861 1125 -11 -3 0 0 0 0
550681 0 2856 1125 -10 -1 0 0 0 0
550707 0 2856 1125 -10 -2 0 0 0 0
552682 0 2851 1123 -10 -3 0 0 0 0
552687 0 2851 1123 -11 -3 0 0 0 0
554694 0 2846 1121 -10 -3 0 0 0 0
554699 0 2846 1121 -10 -4 0 0 0 0
556694 0 2841 1120 -10 -3 0 0 0 0
556700 0 2841 1120 -10 -3 0 0 0 0
558701 0 2836 1118 -9 -4 0 0 0 0
558707 0 2836 1118 -10 -4 0 0 0 0
560708 0 2831 1116 -11 -3 0 0 0 0
560714 0 2831 1116 -10 -6 0 0 0 0
562710 0 2826 1113 -9 -3 0 0 0 0
562723 0 2826 1113 -10 -7 0 0 0 0
564721 0 2822 1111 -8 -3 0 0 0 0
564727 0 2822 1111 -9 -6 0 0 0 0
566723 0 2817 1108 -10 -4 0 0 0 0
566728 0 2817 1108 -9 -7 0 0 0 0
568737 0 2813 1105 -8 -6 0 0 0 0
568743 0 2813 1105 -9 -5 0 0 0 0
570742 0 2808 1102 -9 -7 0 0 0 0
570772 0 2808 1102 -9 -6 0 0 0 0
572747 0 2804 1099 -8 -6 0 0 0 0
572752 0 2804 1099 -9 -7 0 0 0 0
574755 0 2800 1095 -9 -7 0 0 0 0
574761 0 2800 1095 -8 -8 0 0 0 0
576762 0 2796 1092 -7 -7 0 0 0 0
576768 0 2796 1092 -8 -7 0 0 0 0
578769 0 2792 1087 -8 -8 0 0 0 0
578776 0 2792 1087 -8 -9 0 0 0 0
581189 0 2786 1081 -8 -8 0 0 0 0
581194 0 2786 1081 -7 -8 0 0 0 0
581222 0 2786 1081 -8 -8 0 0 0 0
583063 0 2785 1079 -7 -8 0 0 0 0
585069 0 2781 1075 -8 -9 0 0 0 0
585075 0 2781 1075 -7 -9 0 0 0 0
587075 0 2777 1070 -6 -10 0 0 0 0
587082 0 2777 1070 -8 -10 0 0 0 0
589083 0 2774 1065 -6 -8 0 0 0 0
589090 0 2774 1065 -7 -11 0 0 0 0
590622 0 2771 1060 -7 -9 0 0 0 0
590628 0 2771 1060 -6 -10 0 0 0 0
592676 0 2768 1056 -6 -9 0 0 0 0
592683 0 2768 1056 -7 -10 0 0 0 0
594641 0 2765 1050 -5 -11 0 0 0 0
594648 0 2765 1050 -7 -10 0 0 0 0
596663 0 2762 1045 -6 -10 0 0 0 0
596669 0 2762 1045 -5 -11 0 0 0 0
598667 0 2760 1040 -6 -10 0 0 0 0
598683 0 2760 1040 -3 -10 0 0 0 0
600651 0 2757 1035 -5 -11 0 0 0 0
600657 0 2757 1035 -5 -11 0 0 0 0
602687 0 2755 1029 -4 -11 0 0 0 0
602700 0 2755 1029 -4 -12 0 0 0 0
605184 0 2753 1023 -4 -12 0 0 0 0
605242 0 2752 1020 -5 -11 0 0 0 0
605248 0 2752 1020 -3 -11 0 0 0 0
607123 0 2751 1018 -3 -11 0 0 0 0
610151 0 2749 1009 -4 -12 0 0 0 0
610214 0 2748 1006 -1 -12 0 0 0 0
610243 0 2748 1006 -3 -12 0 0 0 0
610267 0 2748 1006 -4 -11 0 0 0 0
612239 0 2748 1000 -2 -11 0 0 0 0
612285 0 2748 1000 -1 -12 0 0 0 0
614210 0 2746 994 -3 -13 0 0 0 0
614242 0 2746 994 -2 -11 0 0 0 0
616181 0 2746 989 -1 -11 0 0 0 0
616249 0 2746 989 -2 -11 0 0 0 0
618180 0 2745 982 -1 -12 0 0 0 0
618186 0 2745 982 0 -13 0 0 0 0
620212 0 2745 977 -2 -11 0 0 0 0
620252 0 2745 977 0 -12 0 0 0 0
622191 0 2745 971 -1 -12 0 0 0 0
622196 0 2745 971 0 -11 0 0 0 0
624197 0 2745 965 0 -11 0 0 0 0
624202 0 2745 965 0 -12 0 0 0 0
626193 0 2745 960 0 -11 0 0 0 0
626197 0 2745 960 0 -11 0 0 0 0
629223 0 2745 951 0 -12 0 0 0 0
629244 0 2745 951 1 -10 0 0 0 0
629268 0 2745 951 1 -11 0 0 0 0
632208 0 2745 944 1 -11 0 0 0 0
632213 0 2745 944 2 -10 0 0 0 0
632250 0 2745 944 1 -10 0 0 0 0
634245 0 2747 938 2 -10 0 0 0 0
634271 0 2747 938 3 -11 0 0 0 0
636265 0 2748 933 3 -11 0 0 0 0
636295 0 2748 933 2 -10 0 0 0 0
638343 0 2749 928 3 -9 0 0 0 0
638374 0 2749 928 3 -10 0 0 0 0
640278 0 2751 924 5 -9 0 0 0 0
640302 0 2751 924 3 -10 0 0 0 0
642263 0 2753 919 4 -9 0 0 0 0
642281 0 2753 919 4 -8 0 0 0 0
644291 0 2756 915 4 -10 0 0 0 0
644321 0 2756 915 5 -9 0 0 0 0
646273 0 2758 911 5 -7 0 0 0 0
646287 0 2758 911 4 -7 0 0 0 0
648301 0 2760 907 4 -7 0 0 0 0
648340 0 2760 907 6 -9 0 0 0 0
651060 0 2763 904 5 -7 0 0 0 0
651161 0 2763 904 7 -7 0 0 0 0
651263 0 2765 902 5 -7 0 0 0 0
653042 0 2766 900 6 -7 0 0 0 0
655047 0 2769 897 8 -6 0 0 0 0
655053 0 2769 897 5 -7 0 0 0 0
657057 0 2773 894 6 -5 0 0 0 0
657063 0 2773 894 8 -5 0 0 0 0
659503 0 2778 890 6 -6 0 0 0 0
659545 0 2778 890 7 -6 0 0 0 0
659551 0 2778 890 7 -4 0 0 0 0
661497 0 2781 888 7 -6 0 0 0 0
661562 0 2781 888 7 -3 0 0 0 0
662980 0 2784 887 9 -5 0 0 0 0
664987 0 2788 885 7 -4 0 0 0 0
664991 0 2788 885 9 -5 0 0 0 0
666999 0 2791 883 8 -3 0 0 0 0
667005 0 2791 883 7 -4 0 0 0 0
669006 0 2796 881 10 -4 0 0 0 0
669012 0 2796 881 9 -3 0 0 0 0
671014 0 2801 879 9 -3 0 0 0 0
671036 0 2801 879 11 -4 0 0 0 0
673026 0 2806 878 9 -2 0 0 0 0
673032 0 2806 878 11 -4 0 0 0 0
675531 0 2814 876 10 -2 0 0 0 0
675549 0 2814 876 12 -3 0 0 0 0
675555 0 2814 876 10 -2 0 0 0 0
677490 0 2820 875 11 -1 0 0 0 0
677495 0 2820 875 11 -2 0 0 0 0
678955 0 2823 875 13 -2 0 0 0 0
680952 0 2829 874 12 -2 0 0 0 0
680957 0 2829 874 12 -1 0 0 0 0
682879 0 2835 874 12 -1 0 0 0 0
682885 0 2835 874 13 -1 0 0 0 0
684452 0 2842 874 14 0 0 0 0 0
684457 0 2842 874 14 0 0 0 0 0
686449 0 2849 874 14 0 0 0 0 0
686454 0 2849 874 14 0 0 0 0 0
688476 0 2857 874 15 0 0 0 0 0
688482 0 2857 874 15 0 0 0 0 0
690451 0 2864 874 15 0 0 0 0 0
690456 0 2864 874 16 0 0 0 0 0
691869 0 2869 874 17 1 0 0 0 0
693877 0 2877 874 15 2 0 0 0 0
693882 0 2877 874 17 1 0 0 0 0
695868 0 2885 875 16 2 0 0 0 0
695873 0 2885 875 18 2 0 0 0 0
697896 0 2894 876 18 2 0 0 0 0
697903 0 2894 876 18 2 0 0 0 0
699906 0 2903 877 18 3 0 0 0 0
699951 0 2903 877 17 2 0 0 0 0
701906 0 2912 879 19 3 0 0 0 0
701912 0 2912 879 18 3 0 0 0 0
703908 0 2922 880 19 3 0 0 0 0
703917 0 2922 880 19 4 0 0 0 0
706907 0 2936 883 20 3 0 0 0 0
706911 0 2936 883 19 4 0 0 0 0
706916 0 2936 883 20 4 0 0 0 0
708920 0 2946 885 20 4 0 0 0 0
708931 0 2946 885 20 3 0 0 0 0
710153 0 2951 886 20 5 0 0 0 0
710242 0 2957 887 21 4 0 0 0 0
711814 0 2962 888 20 5 0 0 0 0
713563 0 2972 891 22 5 0 0 0 0
713591 0 2972 891 21 5 0 0 0 0
715073 0 2977 892 20 6 0 0 0 0
717079 0 2989 895 23 5 0 0 0 0
717085 0 2989 895 22 6 0 0 0 0
719085 0 2999 898 20 5 0 0 0 0
719091 0 2999 898 22 7 0 0 0 0
721090 0 3010 902 23 6 0 0 0 0
721097 0 3010 902 22 8 0 0 0 0
722607 0 3021 905 22 6 0 0 0 0
722613 0 3021 905 22 6 0 0 0 0
724635 0 3033 908 24 7 0 0 0 0
724640 0 3033 908 22 8 0 0 0 0
726638 0 3044 912 22 8 0 0 0 0
726643 0 3044 912 24 6 0 0 0 0
728645 0 3056 916 24 8 0 0 0 0
728649 0 3056 916 22 8 0 0 0 0
730632 0 3067 920 23 8 0 0 0 0
730637 0 3067 920 23 8 0 0 0 0
732207 0 3079 924 24 9 0 0 0 0
732285 0 3079 924 23 9 0 0 0 0
734196 0 3091 929 23 9 0 0 0 0
734230 0 3091 929 23 9 0 0 0 0
736229 0 3103 933 24 9 0 0 0 0
736256 0 3103 933 24 9 0 0 0 0
738251 0 3114 938 24 10 0 0 0 0
738265 0 3114 938 23 10 0 0 0 0
740242 0 3126 943 23 10 0 0 0 0
740257 0 3126 943 24 10 0 0 0 0
741779 0 3132 946 24 9 0 0 0 0
743779 0 3144 951 24 11 0 0 0 0
743784 0 3144 951 23 10 0 0 0 0
746249 0 3164 959 25 10 0 0 0 0
746278 0 3164 959 29 13 0 0 0 0
746296 0 3164 959 25 10 0 0 0 0
747720 0 3170 962 24 10 0 0 0 0
749731 0 3182 967 24 11 0 0 0 0
749737 0 3182 967 26 11 0 0 0 0
751716 0 3194 973 23 11 0 0 0 0
751722 0 3194 973 25 11 0 0 0 0
753734 0 3206 978 24 12 0 0 0 0
753740 0 3206 978 24 10 0 0 0 0
755742 0 3219 984 26 11 0 0 0 0
755748 0 3219 984 25 12 0 0 0 0
757300 0 3231 989 25 11 0 0 0 0
757511 0 3231 989 24 11 0 0 0 0
759231 0 3244 995 25 12 0 0 0 0
759242 0 3244 995 26 12 0 0 0 0
761240 0 3256 1001 24 12 0 0 0 0
761259 0 3256 1001 25 11 0 0 0 0
763244 0 3268 1007 22 11 0 0 0 0
763264 0 3268 1007 26 12 0 0 0 0
765027 0 3274 1010 25 12 0 0 0 0
767031 0 3287 1015 25 11 0 0 0 0
767037 0 3287 1015 26 11 0 0 0 0
769036 0 3300 1021 25 11 0 0 0 0
769041 0 3300 1021 25 12 0 0 0 0
770627 0 3312 1027 25 11 0 0 0 0
770632 0 3312 1027 26 12 0 0 0 0
772187 0 3325 1033 27 12 0 0 0 0
772194 0 3325 1033 24 11 0 0 0 0
774061 0 3332 1035 27 11 0 0 0 0
776189 0 3351 1044 25 11 0 0 0 0
776198 0 3351 1044 26 11 0 0 0 0
776203 0 3351 1044 26 11 0 0 0 0
778198 0 3364 1049 25 10 0 0 0 0
778252 0 3364 1049 26 11 0 0 0 0
780188 0 3377 1054 26 11 0 0 0 0
780194 0 3377 1054 25 9 0 0 0 0
782126 0 3383 1056 27 10 0 0 0 0
784122 0 3396 1061 27 9 0 0 0 0
784154 0 3396 1061 25 10 0 0 0 0
784208 0 3403 1063 26 9 0 0 0 0
786166 0 3416 1068 27 8 0 0 0 0
786242 0 3416 1068 26 9 0 0 0 0
788184 0 3429 1072 26 9 0 0 0 0
788213 0 3429 1072 26 8 0 0 0 0
790035 0 3436 1074 26 8 0 0 0 0
791543 0 3449 1078 27 7 0 0 0 0
791548 0 3449 1078 26 8 0 0 0 0
793548 0 3462 1080 26 5 0 0 0 0
793554 0 3462 1080 26 6 0 0 0 0
795179 0 3475 1083 27 7 0 0 0 0
795239 0 3475 1083 26 4 0 0 0 0
796557 0 3481 1085 25 6 0 0 0 0
798593 0 3495 1087 28 4 0 0 0 0
798599 0 3495 1087 26 5 0 0 0 0
800592 0 3508 1089 26 5 0 0 0 0
800597 0 3508 1089 28 3 0 0 0 0
802596 0 3521 1091 27 4 0 0 0 0
802602 0 3521 1091 25 4 0 0 0 0
804599 0 3535 1092 27 2 0 0 0 0
804605 0 3535 1092 27 3 0 0 0 0
805730 0 3542 1093 27 3 0 0 0 0
807518 0 3555 1094 25 1 0 0 0 0
807567 0 3555 1094 27 2 0 0 0 0
809490 0 3568 1094 27 2 0 0 0 0
809532 0 3568 1094 26 0 0 0 0 0
811123 0 3574 1095 25 2 0 0 0 0
813133 0 3587 1095 27 1 0 0 0 0
813209 0 3594 1095 25 0 0 0 0 0
813260 0 3594 1095 26 1 0 0 0 0
815180 0 3606 1095 25 0 0 0 0 0
815250 0 3606 1095 25 0 0 0 0 0
817177 0 3619 1095 26 0 0 0 0 0
817196 0 3619 1095 25 -2 0 0 0 0
819187 0 3631 1095 24 0 0 0 0 0
819193 0 3631 1095 25 -2 0 0 0 0
821185 0 3644 1094 25 -3 0 0 0 0
821191 0 3644 1094 25 -1 0 0 0 0
823012 0 3650 1093 25 -2 0 0 0 0
825033 0 3662 1092 23 -4 0 0 0 0
825039 0 3662 1092 25 -2 0 0 0 0
826530 0 3674 1090 23 -3 0 0 0 0
826536 0 3674 1090 25 -4 0 0 0 0
828196 0 3686 1088 24 -3 0 0 0 0
828237 0 3686 1088 23 -5 0 0 0 0
830189 0 3697 1086 24 -4 0 0 0 0
830199 0 3697 1086 23 -6 0 0 0 0
832036 0 3703 1084 23 -5 0 0 0 0
833588 0 3714 1081 23 -6 0 0 0 0
833594 0 3714 1081 22 -6 0 0 0 0
835570 0 3725 1078 22 -6 0 0 0 0
835576 0 3725 1078 22 -6 0 0 0 0
837586 0 3736 1075 22 -6 0 0 0 0
837592 0 3736 1075 22 -7 0 0 0 0
839592 0 3747 1072 21 -7 0 0 0 0
839630 0 3747 1072 21 -7 0 0 0 0
841629 0 3757 1068 21 -7 0 0 0 0
841644 0 3757 1068 21 -9 0 0 0 0
843624 0 3767 1064 20 -8 0 0 0 0
843630 0 3767 1064 19 -8 0 0 0 0
845135 0 3772 1062 20 -8 0 0 0 0
847111 0 3782 1057 19 -9 0 0 0 0
847175 0 3782 1057 20 -10 0 0 0 0
847289 0 3786 1054 17 -10 0 0 0 0
849073 0 3791 1052 19 -10 0 0 0 0
851085 0 3800 1047 18 -10 0 0 0 0
851092 0 3800 1047 17 -10 0 0 0 0
853092 0 3808 1041 18 -11 0 0 0 0
853098 0 3808 1041 16 -11 0 0 0 0
855094 0 3816 1036 17 -11 0 0 0 0
855100 0 3816 1036 16 -10 0 0 0 0
857102 0 3824 1030 16 -12 0 0 0 0
857108 0 3824 1030 15 -12 0 0 0 0
859119 0 3832 1024 15 -12 0 0 0 0
859134 0 3832 1024 15 -11 0 0 0 0
861112 0 3839 1018 15 -12 0 0 0 0
861119 0 3839 1018 14 -12 0 0 0 0
863115 0 3845 1012 14 -14 0 0 0 0
863121 0 3845 1012 12 -13 0 0 0 0
865136 0 3852 1005 14 -13 0 0 0 0
865197 0 3855 1001 12 -13 0 0 0 0
865207 0 3855 1001 11 -15 0 0 0 0
867122 0 3857 998 11 -15 0 0 0 0
869157 0 3863 991 12 -13 0 0 0 0
869389 0 3866 987 10 -15 0 0 0 0
869496 0 3866 987 11 -15 0 0 0 0
871190 0 3871 979 10 -14 0 0 0 0
871248 0 3871 979 10 -16 0 0 0 0
873182 0 3875 972 9 -14 0 0 0 0
873197 0 3875 972 9 -15 0 0 0 0
875125 0 3877 968 8 -15 0 0 0 0
877123 0 3881 961 8 -16 0 0 0 0
877141 0 3881 961 7 -14 0 0 0 0
877212 0 3883 957 7 -17 0 0 0 0
879131 0 3884 953 7 -14 0 0 0 0
879185 0 3886 949 5 -15 0 0 0 0
881167 0 3889 942 5 -15 0 0 0 0
881288 0 3889 942 7 -15 0 0 0 0
882807 0 3889 938 3 -14 0 0 0 0
884826 0 3892 931 6 -15 0 0 0 0
884843 0 3892 931 3 -15 0 0 0 0
886822 0 3893 923 3 -16 0 0 0 0
886828 0 3893 923 3 -14 0 0 0 0
889135 0 3894 916 2 -15 0 0 0 0
889211 0 3895 913 2 -14 0 0 0 0
889256 0 3895 913 2 -14 0 0 0 0
891140 0 3895 909 2 -14 0 0 0 0
891240 0 3895 905 0 -15 0 0 0 0
893080 0 3895 902 0 -14 0 0 0 0
895095 0 3895 895 1 -14 0 0 0 0
895110 0 3895 895 0 -13 0 0 0 0
896819 0 3895 888 0 -14 0 0 0 0
896824 0 3895 888 -1 -13 0 0 0 0
898875 0 3895 882 -1 -14 0 0 0 0
898926 0 3895 882 -1 -13 0 0 0 0
901089 0 3895 875 -1 -12 0 0 0 0
901095 0 3895 875 -2 -13 0 0 0 0
903092 0 3893 869 -3 -13 0 0 0 0
903098 0 3893 869 -4 -13 0 0 0 0
905123 0 3891 863 -1 -14 0 0 0 0
905130 0 3891 863 -5 -11 0 0 0 0
907104 0 3890 856 -4 -13 0 0 0 0
907110 0 3890 856 -3 -13 0 0 0 0
909109 0 3887 850 -5 -12 0 0 0 0
909152 0 3887 850 -5 -13 0 0 0 0
909250 0 3886 847 -4 -12 0 0 0 0
910639 0 3885 844 -6 -13 0 0 0 0
912275 0 3882 838 -6 -12 0 0 0 0
912299 0 3882 838 -5 -12 0 0 0 0
914273 0 3879 832 -8 -13 0 0 0 0
914334 0 3879 832 -5 -11 0 0 0 0
916219 0 3875 825 -7 -13 0 0 0 0
916234 0 3875 825 -7 -12 0 0 0 0
918183 0 3872 820 -7 -11 0 0 0 0
918188 0 3872 820 -7 -12 0 0 0 0
920180 0 3867 814 -10 -12 0 0 0 0
920186 0 3867 814 -7 -12 0 0 0 0
922185 0 3863 808 -8 -12 0 0 0 0
922191 0 3863 808 -10 -11 0 0 0 0
924180 0 3858 803 -9 -11 0 0 0 0
924186 0 3858 803 -9 -10 0 0 0 0
926227 0 3853 797 -10 -12 0 0 0 0
926271 0 3853 797 -10 -11 0 0 0 0
928191 0 3848 791 -10 -11 0 0 0 0
928197 0 3848 791 -10 -11 0 0 0 0
930242 0 3843 786 -10 -11 0 0 0 0
930262 0 3843 786 -10 -12 0 0 0 0
932651 0 3838 781 -11 -9 0 0 0 0
932656 0 3838 781 -10 -11 0 0 0 0
934650 0 3832 775 -12 -10 0 0 0 0
934655 0 3832 775 -12 -11 0 0 0 0
936677 0 3826 770 -12 -9 0 0 0 0
936687 0 3826 770 -12 -11 0 0 0 0
938668 0 3820 766 -12 -10 0 0 0 0
938674 0 3820 766 -13 -9 0 0 0 0
941670 0 3811 758 -12 -11 0 0 0 0
941677 0 3811 758 -12 -10 0 0 0 0
941682 0 3811 758 -13 -10 0 0 0 0
943273 0 3804 753 -13 -9 0 0 0 0
943311 0 3804 753 -14 -10 0 0 0 0
945260 0 3797 749 -13 -8 0 0 0 0
945314 0 3797 749 -14 -9 0 0 0 0
947247 0 3790 745 -14 -8 0 0 0 0
947267 0 3790 745 -14 -9 0 0 0 0
949246 0 3783 741 -14 -8 0 0 0 0
949251 0 3783 741 -15 -8 0 0 0 0
951251 0 3776 737 -14 -8 0 0 0 0
951264 0 3776 737 -15 -8 0 0 0 0
953263 0 3769 733 -13 -7 0 0 0 0
953279 0 3769 733 -15 -7 0 0 0 0
955281 0 3761 730 -15 -7 0 0 0 0
955309 0 3761 730 -14 -7 0 0 0 0
958287 0 3750 725 -16 -7 0 0 0 0
958326 0 3750 725 -14 -7 0 0 0 0
958348 0 3750 725 -14 -6 0 0 0 0
959804 0 3746 723 -16 -6 0 0 0 0
962186 0 3735 719 -15 -6 0 0 0 0
962195 0 3735 719 -15 -6 0 0 0 0
962215 0 3735 719 -14 -6 0 0 0 0
963560 0 3731 718 -16 -4 0 0 0 0
965559 0 3723 715 -16 -5 0 0 0 0
965564 0 3723 715 -16 -5 0 0 0 0
967150 0 3720 714 -14 -6 0 0 0 0
967222 0 3716 713 -15 -4 0 0 0 0
969193 0 3708 711 -17 -4 0 0 0 0
969242 0 3708 711 -14 -3 0 0 0 0
971171 0 3700 709 -16 -5 0 0 0 0
971198 0 3700 709 -16 -4 0 0 0 0
973203 0 3693 707 -13 -3 0 0 0 0
973241 0 3693 707 -17 -4 0 0 0 0
976187 0 3681 705 -15 -3 0 0 0 0
976232 0 3681 705 -15 -2 0 0 0 0
976268 0 3681 705 -16 -3 0 0 0 0
978189 0 3674 704 -16 -3 0 0 0 0
978194 0 3674 704 -14 -2 0 0 0 0
980275 0 3666 703 -16 -1 0 0 0 0
980374 0 3666 703 -16 -2 0 0 0 0
982222 0 3658 702 -14 -2 0 0 0 0
982243 0 3658 702 -16 -1 0 0 0 0
983706 0 3655 702 -15 -2 0 0 0 0
985735 0 3647 702 -16 0 0 0 0 0
985740 0 3647 702 -15 0 0 0 0 0
987742 0 3639 701 -15 -1 0 0 0 0
987748 0 3639 701 -16 0 0 0 0 0
989755 0 3632 701 -14 -1 0 0 0 0
989760 0 3632 701 -15 0 0 0 0 0
991774 0 3624 701 -16 0 0 0 0 0
991798 0 3624 701 -16 1 0 0 0 0
993760 0 3616 701 -16 1 0 0 0 0
993765 0 3616 701 -15 0 0 0 0 0
995762 0 3608 701 -15 2 0 0 0 0
995769 0 3608 701 -16 0 0 0 0 0
997790 0 3601 702 -15 2 0 0 0 0
997840 0 3601 702 -15 2 0 0 0 0
999766 0 3593 703 -16 1 0 0 0 0
999772 0 3593 703 -16 2 0 0 0 0
1001867 0 3585 704 -14 2 0 0 0 0
1001873 0 3585 704 -16 1 0 0 0 0
1003795 0 3578 705 -16 2 0 0 0 0
1003801 0 3578 705 -15 3 0 0 0 0
1006202 0 3566 707 -15 4 0 0 0 0
1006215 0 3566 707 -15 3 0 0 0 0
1006220 0 3566 707 -15 2 0 0 0 0
1008179 0 3559 709 -16 3 0 0 0 0
1008185 0 3559 709 -14 4 0 0 0 0
1010197 0 3551 711 -16 4 0 0 0 0
1010235 0 3551 711 -14 3 0 0 0 0
1012037 0 3547 712 -16 5 0 0 0 0
1014058 0 3540 714 -16 3 0 0 0 0
1014107 0 3540 714 -14 4 0 0 0 0
1015620 0 3532 716 -16 4 0 0 0 0
1015626 0 3532 716 -14 4 0 0 0 0
1017772 0 3525 719 -16 6 0 0 0 0
1017778 0 3525 719 -14 5 0 0 0 0
1019796 0 3517 721 -16 4 0 0 0 0
1019802 0 3517 721 -15 5 0 0 0 0
1021813 0 3510 724 -14 5 0 0 0 0
1021819 0 3510 724 -15 6 0 0 0 0
1023802 0 3503 726 -15 6 0 0 0 0
1023808 0 3503 726 -14 5 0 0 0 0
1025509 0 3495 730 -15 7 0 0 0 0
1025569 0 3495 730 -14 6 0 0 0 0
1027116 0 3491 731 -16 5 0 0 0 0
1029128 0 3484 734 -14 8 0 0 0 0
1029217 0 3481 736 -14 6 0 0 0 0
1029260 0 3481 736 -15 5 0 0 0 0
1030679 0 3477 738 -14 9 0 0 0 0
1032678 0 3470 741 -14 5 0 0 0 0
1032684 0 3470 741 -14 8 0 0 0 0
1034257 0 3463 745 -15 8 0 0 0 0
1034263 0 3463 745 -15 6 0 0 0 0
1036298 0 3456 749 -14 8 0 0 0 0
1036309 0 3456 749 -14 8 0 0 0 0
1038352 0 3448 752 -15 7 0 0 0 0
1038420 0 3448 752 -15 8 0 0 0 0
1040304 0 3441 756 -14 7 0 0 0 0
1040328 0 3441 756 -15 9 0 0 0 0
1042049 0 3438 759 -13 9 0 0 0 0
1044073 0 3430 763 -16 8 0 0 0 0
1044082 0 3430 763 -14 9 0 0 0 0
1046202 0 3419 770 -15 9 0 0 0 0
1046208 0 3419 770 -16 9 0 0 0 0
1046242 0 3419 770 -14 9 0 0 0 0
1048217 0 3412 774 -16 9 0 0 0 0
1048222 0 3412 774 -13 9 0 0 0 0
1050183 0 3404 779 -16 9 0 0 0 0
1050193 0 3404 779 -15 10 0 0 0 0
1052188 0 3397 784 -14 10 0 0 0 0
1052194 0 3397 784 -15 9 0 0 0 0
1054189 0 3389 788 -14 9 0 0 0 0
1054194 0 3389 788 -15 10 0 0 0 0
1055749 0 3386 791 -14 11 0 0 0 0
1058202 0 3375 799 -14 9 0 0 0 0
1058208 0 3375 799 -15 10 0 0 0 0
1058247 0 3375 799 -14 11 0 0 0 0
1060299 0 3367 804 -14 11 0 0 0 0
1060344 0 3367 804 -17 11 0 0 0 0
1061759 0 3364 807 -13 11 0 0 0 0
1063774 0 3357 812 -14 10 0 0 0 0
1063825 0 3357 812 -14 10 0 0 0 0
1065430 0 3350 817 -13 10 0 0 0 0
1065475 0 3350 817 -14 11 0 0 0 0
1067439 0 3344 822 -13 10 0 0 0 0
1067485 0 3344 822 -13 11 0 0 0 0
1069358 0 3338 828 -12 10 0 0 0 0
1069383 0 3338 828 -13 11 0 0 0 0
1070968 0 3334 830 -13 10 0 0 0 0
1072480 0 3328 835 -12 10 0 0 0 0
1072485 0 3328 835 -12 10 0 0 0 0
1074509 0 3323 840 -12 10 0 0 0 0
1074515 0 3323 840 -11 10 0 0 0 0
1076148 0 3320 843 -12 12 0 0 0 0
1078201 0 3311 850 -12 9 0 0 0 0
1078207 0 3311 850 -11 10 0 0 0 0
1078241 0 3311 850 -13 9 0 0 0 0
1080208 0 3305 855 -11 9 0 0 0 0
1080287 0 3305 855 -11 10 0 0 0 0
1082259 0 3300 860 -11 11 0 0 0 0
1082328 0 3300 860 -10 10 0 0 0 0
1084216 0 3295 865 -11 10 0 0 0 0
1084245 0 3295 865 -10 9 0 0 0 0
1086307 0 3290 870 -10 11 0 0 0 0
1086389 0 3290 870 -10 8 0 0 0 0
1088219 0 3285 874 -10 9 0 0 0 0
1088242 0 3285 874 -10 10 0 0 0 0
1090229 0 3280 879 -9 9 0 0 0 0
1090246 0 3280 879 -10 10 0 0 0 0
1092246 0 3275 884 -9 9 0 0 0 0
1092268 0 3275 884 -10 9 0 0 0 0
1094246 0 3270 888 -10 9 0 0 0 0
1094283 0 3270 888 -9 9 0 0 0 0
1096161 0 3266 893 -9 8 0 0 0 0
1096197 0 3266 893 -9 10 0 0 0 0
1098226 0 3262 897 -9 8 0 0 0 0
1098257 0 3262 897 -8 8 0 0 0 0
1099718 0 3259 899 -9 9 0 0 0 0
1101736 0 3255 903 -8 8 0 0 0 0
1101742 0 3255 903 -8 8 0 0 0 0
1103734 0 3251 907 -8 10 0 0 0 0
1103740 0 3251 907 -10 7 0 0 0 0
1105751 0 3247 911 -8 8 0 0 0 0
1105757 0 3247 911 -7 8 0 0 0 0
1107754 0 3244 915 -7 7 0 0 0 0
1107760 0 3244 915 -7 8 0 0 0 0
1109757 0 3240 919 -8 9 0 0 0 0
1109763 0 3240 919 -8 6 0 0 0 0
1112225 0 3235 924 -6 7 0 0 0 0
1112257 0 3235 924 -8 7 0 0 0 0
1112273 0 3235 924 -6 7 0 0 0 0
1114210 0 3231 927 -7 6 0 0 0 0
1114297 0 3231 927 -8 6 0 0 0 0
1116189 0 3228 930 -7 7 0 0 0 0
1116195 0 3228 930 -5 6 0 0 0 0
1118202 0 3224 933 -7 7 0 0 0 0
1118220 0 3224 933 -8 6 0 0 0 0
1120251 0 3221 936 -5 6 0 0 0 0
1120270 0 3221 936 -7 6 0 0 0 0
1121776 0 3220 938 -5 5 0 0 0 0
1123778 0 3217 940 -7 6 0 0 0 0
1123783 0 3217 940 -6 4 0 0 0 0
1126200 0 3213 945 -5 6 0 0 0 0
1126206 0 3213 945 -6 5 0 0 0 0
1126210 0 3213 945 -5 7 0 0 0 0
1128198 0 3210 947 -6 4 0 0 0 0
1128216 0 3210 947 -5 5 0 0 0 0
1130212 0 3207 949 -5 6 0 0 0 0
1130258 0 3207 949 -6 4 0 0 0 0
1132034 0 3206 950 -5 4 0 0 0 0
1134028 0 3204 953 -4 5 0 0 0 0
1134034 0 3204 953 -5 4 0 0 0 0
1136011 0 3201 955 -5 4 0 0 0 0
1136018 0 3201 955 -4 5 0 0 0 0
1138034 0 3199 956 -4 3 0 0 0 0
1138040 0 3199 956 -4 3 0 0 0 0
1140050 0 3197 958 -5 5 0 0 0 0
1140056 0 3197 958 -3 3 0 0 0 0
1142226 0 3195 961 -5 4 0 0 0 0
1142232 0 3195 961 -3 2 0 0 0 0
1142236 0 3195 961 -3 4 0 0 0 0
1144228 0 3193 962 -4 3 0 0 0 0
1144251 0 3193 962 -3 3 0 0 0 0
1146040 0 3192 963 -3 2 0 0 0 0
1148219 0 3190 965 -3 3 0 0 0 0
1148304 0 3190 965 -3 3 0 0 0 0
1148365 0 3190 965 -3 2 0 0 0 0
1150191 0 3188 966 -3 3 0 0 0 0
1150196 0 3188 966 -3 0 0 0 0 0
1152193 0 3187 967 -2 2 0 0 0 0
1152198 0 3187 967 -2 2 0 0 0 0
1154193 0 3186 968 -2 2 0 0 0 0
1154199 0 3186 968 -3 2 0 0 0 0
1156235 0 3185 968 -2 1 0 0 0 0
1156265 0 3185 968 -2 2 0 0 0 0
1158212 0 3185 969 -1 1 0 0 0 0
1158218 0 3185 969 -1 2 0 0 0 0
1160255 0 3184 970 -2 1 0 0 0 0
1160268 0 3184 970 -2 1 0 0 0 0
1162217 0 3183 970 -2 1 0 0 0 0
1162222 0 3183 970 -1 1 0 0 0 0
1164280 0 3182 971 -1 1 0 0 0 0
1164300 0 3182 971 -2 1 0 0 0 0
1166258 0 3182 971 -1 1 0 0 0 0
1168204 0 3181 971 -1 1 0 0 0 0
1168254 0 3181 971 -1 1 0 0 0 0
1172172 0 3181 972 -1 1 0 0 0 0
1172177 0 3181 972 -1 0 0 0 0 0
1173718 0 3181 972 -1 1 0 0 0 0
